0.55079790 0.70814782 0.29090474 0.51082761 0.89294695
0.89629309 0.12558531 0.20724288 0.05146720 0.44080984
0.02987621 0.45683322 0.64914405 0.27848728 0.67625490
0.59086282 0.02398188 0.55885409 0.25925245 0.41510120
0.28352508 0.69313792 0.44045372 0.15686774 0.54464902
0.78031476 0.30636353 0.22195788 0.38797126 0.93638365
0.97599542 0.67238368 0.90283411 0.84575087 0.37799404
0.09221701 0.65341090 0.55784076 0.36156476 0.22505450
0.40651992 0.46894025 0.26923558 0.29179277 0.45768640
0.86053391 0.58625290 0.28348786 0.27797751 0.45462208
0.20541034 0.20137871 0.51403506 0.08722937 0.48358553
0.36217621 0.70768662 0.74674622 0.69109292 0.68918041
0.37360012 0.66813480 0.33984866 0.57279387 0.32580716
0.44514505 0.06152893 0.24267542 0.97160261 0.23058420
0.69147751 0.65047686 0.72393914 0.47508861 0.59666377
0.06696942 0.07256214 0.19897603 0.15186100 0.10010434
0.12929386 0.55327773 0.18781482 0.95210124 0.68161178
0.54101967 0.70718060 0.26388667 0.92672568 0.83919306
0.72631950 0.48023996 0.84210319 0.74475232 0.66032591
0.91397527 0.63366556 0.36594058 0.55284457 0.19638058
0.19207230 0.72566962 0.78493670 0.97209836 0.85097142
0.54359433 0.08979087 0.48887324 0.92793635 0.78761820
0.48509423 0.45527936 0.21798577 0.17721338 0.07362367
0.89239319 0.64017662 0.14333232 0.41412692 0.04910892
0.20937335 0.73070812 0.65112277 0.47897830 0.27478051
0.65222313 0.95644951 0.43552056 0.07013251 0.05773149
0.08287102 0.95970719 0.54076084 0.83746243 0.17003354
0.26034507 0.69197751 0.89557033 0.34068848 0.06467320
0.86411967 0.29087245 0.74108241 0.15803365 0.69496344
0.84141962 0.72715208 0.35910752 0.72668975 0.13946712
