36.341113 38.309670 -6.314750 986.834561 -56.215254
17.876270 70.614733 12.276783 957.628778 -60.487056
15.208315 153.278649 3.000053 1022.818778 -55.726801
29.809165 22.970200 18.799634 1003.441477 -59.667872
37.376104 160.895766 12.497118 990.797677 -60.354567
24.039791 89.371435 -8.377982 984.501259 -52.415260
49.134389 76.697218 4.338526 954.117241 -58.422873
35.817338 55.016350 12.007664 967.143537 -59.050782
26.641936 165.032781 15.749173 1018.486336 -60.230447
22.645288 93.172223 -5.280792 999.776353 -55.559798
20.443011 144.724746 19.248708 965.510010 -59.318634
37.807237 154.377322 5.466395 965.136257 -55.903999
24.735751 166.028824 -1.768542 978.010041 -55.496280
7.685505 54.608532 26.239701 999.223723 -59.646023
22.911991 61.165954 -6.911948 993.393221 -54.425553
38.209793 107.113298 31.839643 992.162790 -62.401090
13.212128 79.438344 21.781977 1019.514464 -60.740802
12.895329 167.911656 11.401596 1018.900117 -59.847893
28.919812 71.561529 -9.497760 1017.615880 -52.789570
28.932241 86.000049 7.555639 1006.196135 -57.313953
33.548043 111.093496 19.060929 981.396017 -60.619577
43.224431 72.853107 28.651089 971.547542 -63.762529
37.600490 178.646118 17.799380 1026.455411 -59.773486
32.496058 17.793231 7.896834 953.622797 -59.694050
37.509952 39.708597 10.131172 999.470646 -59.426183
19.533151 58.077924 29.298290 1017.689930 -61.958157
21.280490 26.590112 5.811079 971.753033 -58.414019
15.271845 51.159462 -7.067908 1028.299686 -53.758502
18.217132 140.264153 9.920265 1020.873918 -58.737394
33.393926 94.120560 34.930661 965.946247 -64.608311
9.144722 6.111655 7.089779 971.624745 -57.092652
24.516553 176.872065 -1.312538 1021.784233 -55.148035
24.388824 110.881166 -7.969144 958.740143 -52.856407
27.215829 10.609106 -2.306400 965.078174 -55.913614
24.162363 119.010379 4.582898 998.683953 -57.382032
19.051755 68.106487 15.842525 961.761148 -61.353776
24.185809 24.421193 19.951479 995.803614 -58.610511
45.202512 101.459627 -8.073148 996.043617 -52.275327
47.487201 130.874391 32.128105 997.708352 -62.573731
27.582650 120.802789 0.603726 970.056111 -56.469966
33.077883 44.552368 -3.292210 1015.686469 -58.125816
10.202828 94.475920 13.887325 1027.635490 -58.334374
19.277847 96.779420 20.491362 972.230882 -60.157355
23.667180 129.024606 3.826376 1019.239466 -56.286540
43.983912 64.776123 20.124855 973.444163 -61.057937
16.270491 143.591867 3.243223 977.914169 -57.444282
26.736542 113.025933 30.597718 1012.835476 -63.533009
49.350190 6.899689 29.631263 960.986408 -61.456202
28.376830 98.366224 -6.796253 954.944606 -52.991274
32.580254 155.144177 -3.231887 980.930608 -54.139788
10.428290 102.163349 21.412641 960.374658 -60.696678
42.185336 31.649088 -9.994595 956.364220 -53.545369
32.137706 91.867747 26.981613 997.098242 -62.825520
29.528060 136.250251 6.030792 964.717980 -58.425762
20.424373 19.818935 23.507895 974.072103 -60.749476
18.685436 147.077834 -8.009326 1008.327085 -54.037886
23.765999 30.146695 -0.583101 957.439658 -54.393552
35.658534 96.133769 -6.813767 1029.517459 -52.972994
44.395558 69.433827 -1.907929 974.700533 -56.254826
27.969005 44.752278 7.298955 993.650340 -59.194311
35.119120 116.537852 12.119831 1013.347959 -59.573292
31.367145 6.730580 31.224111 968.960520 -61.386172
33.120658 136.808245 18.222831 977.293101 -60.818766
35.361007 94.849315 21.791592 966.501501 -60.413571
42.905410 157.638818 -6.305020 980.286265 -54.920106
8.743774 93.729298 2.905419 1008.794934 -56.541888
39.365728 6.305970 34.627936 1007.154152 -62.344208
15.964987 25.848174 15.219004 964.561534 -58.688026
13.740033 143.208826 25.451785 988.153917 -60.019370
30.760563 88.555689 -8.538289 1005.056541 -52.308370
9.307063 79.538269 -6.216570 1009.051992 -54.847370
44.839707 57.318261 -5.084506 1000.882958 -54.840219
33.226204 51.218856 -9.312137 965.585817 -54.600866
37.553736 173.859536 31.489054 1019.446324 -62.651866
5.725814 77.934480 1.413588 973.075822 -56.329433
31.749435 159.120546 34.845611 979.593744 -63.345027
30.055334 116.669362 23.215843 994.679824 -61.663988
12.153184 154.516976 1.277486 1018.750280 -55.233580
11.888173 153.440918 34.631209 1001.972025 -61.774821
36.298829 172.136165 29.084024 1006.135016 -61.682097
19.344489 125.629603 -2.575090 967.309462 -56.741613
36.138663 144.971448 -1.660514 978.204946 -55.514118
29.947246 131.963021 20.608376 960.951473 -61.140621
22.502776 108.940830 -6.477389 1008.952273 -52.941591
46.630962 129.123744 16.303619 1025.900625 -61.659235
42.875150 128.835074 -7.002868 1008.789461 -54.655519
21.082891 7.363403 -0.041608 959.974297 -56.751573
6.961616 92.899950 32.679798 1005.469228 -63.069725
18.714563 142.677245 12.435724 984.658015 -58.151968
22.918356 43.733194 15.817084 957.369135 -62.208701
36.723147 83.726638 2.135748 1029.957934 -56.867972
49.791132 78.297428 9.802774 1007.930023 -57.680376
21.016169 72.501690 -4.014892 999.795038 -54.029038
39.314652 21.931115 13.247734 1019.847830 -59.799497
31.692961 94.628077 -7.571989 976.027288 -54.648792
36.126581 80.324706 -7.828778 1003.347607 -53.500470
11.800735 119.410696 20.584148 987.462435 -60.500803
22.949433 98.894351 -7.525828 959.915981 -53.938672
15.838515 4.957727 13.457773 993.285577 -63.057739
20.455521 5.745238 1.971192 1000.552759 -57.759663
28.090767 126.244764 -1.553773 987.859992 -56.592456
34.998105 127.364601 15.799350 960.021725 -59.213928
9.765882 172.789044 3.340848 956.022654 -57.979425
10.890273 157.806843 10.537207 1003.187077 -59.441858
19.489127 84.250740 -3.746177 1017.032653 -55.218268
34.770395 112.663172 -4.308144 1023.927524 -56.176743
43.092780 82.292711 -5.206198 981.054868 -54.044281
29.896581 40.130323 -6.779795 1025.065267 -54.530138
43.450362 67.801860 14.917117 1015.584278 -57.765474
22.317702 18.699162 24.020247 983.923333 -61.924993
19.255455 119.974881 25.656509 982.505603 -62.151536
20.941910 34.565426 33.103016 976.678304 -61.889294
12.698682 85.584202 -2.422344 955.529328 -56.192146
42.310069 174.138589 -3.897147 950.778091 -53.608170
20.240188 5.700408 11.147965 969.639893 -58.371339
29.856653 27.311391 28.745339 970.369388 -62.385968
31.034816 53.744253 24.518117 1008.372884 -61.518178
28.468988 169.525254 15.118015 962.589654 -56.861066
5.120963 163.591523 -2.944753 1005.393731 -48.133854
49.475544 29.160151 7.606816 1008.426824 -57.881118
45.740371 176.601199 22.370560 986.777373 -61.160381
14.343614 135.134555 6.803571 959.412280 -56.822716
18.162024 97.195875 -8.239629 1007.560769 -55.227834
28.400457 167.706519 16.274778 1023.091780 -60.029707
45.586012 158.509286 22.406056 979.294356 -63.879140
49.263390 70.436969 22.164717 1010.699182 -61.490726
16.589393 118.141775 -2.581037 1009.353497 -54.548096
30.396157 116.529326 5.119622 954.323373 -56.140255
41.313591 58.854273 8.412753 954.456613 -57.693684
22.746652 32.290231 8.921664 1004.129419 -57.686223
37.898287 84.025778 -4.862868 1016.472613 -56.452347
12.248106 47.390587 7.348919 1023.644952 -58.526356
32.031436 63.911723 12.798448 961.333050 -57.772047
43.963901 171.745914 21.975230 996.671217 -61.468028
49.258472 83.004817 15.625146 972.564247 -59.940316
8.571461 123.280464 8.221875 967.816069 -58.762271
24.275627 60.521381 31.741881 1009.071084 -63.400544
14.204429 179.254994 16.913760 983.055350 -60.386990
25.278642 118.578169 33.865590 985.015369 -63.462246
29.649361 35.281704 29.031936 1017.552101 -61.097442
9.199702 17.673120 20.313175 969.094780 -59.844512
18.358735 169.772503 30.469107 992.267390 -61.249497
46.741291 170.060010 34.605786 1016.216830 -64.244199
30.605168 111.839108 -0.060523 960.551104 -54.957560
25.583540 3.058470 21.097543 997.694638 -60.756816
38.908670 40.596279 31.345068 1016.975207 -60.560963
38.383797 144.229821 -9.216993 1011.157243 -53.441952
7.186056 157.582769 25.977005 1020.758569 -61.469722
36.891383 81.718167 -5.976867 952.605136 -53.214347
42.765951 65.793711 31.244943 1005.316492 -62.540646
12.467205 49.360502 17.540602 966.314921 -62.249516
40.144907 21.054692 -2.706875 994.561498 -55.250165
17.894148 20.834016 -8.226542 1011.982312 -53.433999
18.791139 171.468486 27.251967 983.615317 -60.721079
34.936766 145.552701 -3.722863 1006.336297 -58.672085
10.012648 29.660285 32.279362 1017.232856 -61.010168
34.919260 37.269009 -5.911063 1025.657495 -54.880265
44.953556 117.999279 27.709032 993.607448 -59.965952
36.334007 137.639559 9.058964 975.287994 -60.130935
24.814754 145.856672 29.273091 981.202092 -61.595790
24.719647 29.400784 24.585841 1019.247755 -60.932481
39.429324 177.143092 28.379703 969.225330 -62.453122
30.453890 41.004372 11.160894 1020.661152 -59.580119
8.820687 106.094778 22.119574 954.626899 -61.345468
31.220199 105.770836 4.340042 1027.706040 -57.567394
41.667967 174.125139 -7.877203 959.528578 -55.150250
20.167987 118.380140 0.458005 1020.671125 -55.232352
46.740946 105.282768 -9.938726 993.261734 -54.273616
38.782265 93.379064 6.336267 994.906220 -56.730902
30.832872 137.638357 12.222298 1028.452476 -60.810937
38.823979 19.089947 -9.126681 1026.108969 -53.573189
8.561703 0.376542 -9.652158 1013.888652 -52.476584
43.672508 171.447996 20.890861 1002.126676 -60.761046
41.967685 89.758382 -5.480387 1004.216111 -53.613492
45.944225 59.100368 -6.676952 960.677482 -54.473517
10.788404 66.249587 12.301918 987.392426 -59.501016
8.680104 144.691797 22.317169 984.333264 -60.636215
11.228701 68.826638 33.972436 958.152730 -61.838065
22.972042 138.630451 3.292879 950.906275 -58.271127
24.093809 79.283160 -4.711691 951.301465 -55.900936
30.299827 151.933943 -6.915854 1008.997326 -56.076047
10.500960 13.716732 -0.662019 985.796481 -53.565993
14.062978 86.603099 -5.497540 989.245969 -55.746445
41.523996 84.032948 -9.847704 970.284529 -55.131959
26.059441 47.579036 2.828316 993.267067 -57.696249
41.357219 169.850654 -2.610690 960.176565 -56.087998
5.334187 162.905122 -9.178754 963.083978 -46.368507
29.821673 79.847334 5.958439 1015.411523 -58.098000
46.936947 17.488729 27.166210 952.194348 -61.578967
31.197896 37.220967 3.664768 1023.281081 -58.846686
14.274308 48.868531 21.954488 977.055034 -60.711593
37.299090 87.159559 22.793073 1024.572671 -62.693966
22.054363 60.907880 -8.849959 955.095904 -53.903560
35.077278 139.344493 33.280330 975.016007 -63.496532
6.319388 85.684789 -3.744577 997.453515 -55.017834
33.615516 156.666691 22.285925 1025.024387 -60.319572
6.448907 179.240715 7.074941 957.200283 -56.432002
38.515129 39.570471 29.070014 1014.735444 -63.204232
26.281085 110.100848 34.773246 999.041914 -62.711309
10.478946 152.550416 -1.300466 1001.200644 -54.768445
29.418617 170.142594 26.875503 1029.384728 -60.285181
8.004850 52.215557 12.747633 975.686625 -59.229273
34.401419 130.867694 33.444398 978.815038 -64.245407
49.823885 2.702907 19.614005 992.868310 -60.343171
39.622880 158.245639 16.695706 1000.006708 -60.764706
30.819835 11.508939 0.328555 974.939690 -57.185357
9.618587 132.011172 22.341503 1006.505883 -59.324397
36.492533 179.029870 2.969058 956.569968 -56.363073
34.752554 90.214161 28.059138 965.584383 -62.717576
7.209371 37.680118 33.976865 951.060149 -61.731224
40.653469 107.035845 -9.649316 1009.969609 -53.337025
28.342247 112.346996 32.958489 1025.831848 -62.451338
24.164046 120.253093 6.130713 1011.496880 -58.082521
40.468423 31.070114 11.974206 963.829689 -60.968478
23.520615 161.768285 31.583848 972.708629 -63.464294
26.646182 111.778446 24.918096 1003.694262 -61.962737
13.173298 7.842367 0.945012 974.755730 -56.239810
19.459350 123.127392 -5.641629 982.545477 -55.625740
43.048985 35.295128 27.855180 970.464317 -61.763202
13.410669 4.921341 23.617706 992.738140 -61.460313
23.778098 99.171590 28.625274 1019.558103 -62.753698
49.506553 146.396455 7.281860 969.175426 -59.285889
15.646992 154.789407 12.145117 992.362979 -58.547502
46.257455 18.633767 10.925838 1003.200292 -58.359400
46.327886 119.347701 4.162475 950.526066 -56.493653
9.108335 127.813540 5.105257 970.237821 -56.672991
25.864373 53.013059 22.339217 995.381394 -60.382331
27.599735 174.845520 23.888201 1016.015960 -60.852508
19.115103 50.163745 28.873429 968.236918 -63.852832
7.130279 12.596794 28.020592 1021.907819 -60.335253
15.875854 93.470465 23.927197 1015.965236 -62.681829
9.298834 124.976680 4.975002 981.525984 -55.857237
15.721246 44.038762 21.952085 1015.077995 -60.885717
41.350599 60.944796 33.768102 1017.939886 -61.471132
45.274023 101.453037 31.230796 972.532818 -63.482371
6.945030 159.602070 33.716948 959.212106 -61.027160
18.587608 134.518663 -8.370662 958.073508 -53.460040
49.126199 37.726553 17.521961 1020.460011 -60.430235
29.277717 45.319873 -0.309569 989.552177 -55.880545
33.183921 94.298524 1.095188 1003.716211 -54.944484
5.249543 138.412565 27.982741 981.204634 -59.302395
26.820925 111.377120 23.758626 1012.420173 -63.863368
49.474784 90.238368 4.796109 1015.937055 -55.750090
21.883349 107.482561 13.396191 1021.402857 -60.070334
9.366717 136.090805 -1.525156 1001.341585 -54.260031
25.785894 96.674363 -9.827776 1021.369632 -52.524064
48.335201 161.595494 30.498115 1019.348248 -62.490738
20.382378 170.472148 21.933904 971.731498 -60.567777
40.951523 164.763811 13.796830 997.083831 -60.538074
40.948085 135.813301 -7.565551 970.972698 -53.892045
14.371173 44.337781 8.937808 1001.025533 -57.693823
24.951547 69.348860 7.101886 1021.771801 -58.667568
37.202057 50.399991 -2.280385 988.651168 -55.906236
23.473390 118.378843 -2.971527 1015.964814 -54.973161
13.595313 58.359892 -2.206999 951.368362 -54.241838
48.537244 135.790489 16.857602 1019.371474 -59.976983
34.283766 20.431634 -4.388322 1025.536253 -55.291170
43.945693 139.565657 0.734717 975.072513 -56.520186
6.135906 105.462355 32.582248 1006.771641 -61.182047
17.010762 150.369964 -0.124220 1015.538475 -56.679467
27.593200 77.557617 24.373547 959.941437 -61.708991
8.035189 112.493602 16.911800 983.155675 -60.495690
49.686497 99.794184 8.592056 966.526673 -58.526394
15.640808 175.620828 16.787865 1009.724712 -59.678350
21.843148 135.985390 -3.987099 982.473186 -54.000579
14.630536 98.066385 11.788455 950.010875 -61.174331
9.745064 31.325776 33.746008 971.010693 -61.849010
15.461590 162.740559 9.247437 966.264196 -59.282337
18.527456 37.050801 0.929656 955.981460 -55.835868
33.549902 117.007786 31.737810 992.465375 -61.254138
17.655565 168.564934 17.484844 976.955588 -59.113131
21.302454 40.244333 22.753576 967.514512 -60.952260
5.267428 40.666237 14.453208 1024.933320 -54.920099
21.457361 153.327404 -9.495910 975.902250 -54.277680
29.024869 148.977905 24.006505 960.216206 -61.410303
12.290713 63.306604 34.041373 991.854266 -61.253992
31.884490 47.717332 22.228442 1021.386893 -61.739737
18.191861 22.929925 26.394082 1012.236626 -61.421947
33.442272 177.828499 28.321400 961.855137 -62.400776
6.178847 150.361758 34.964057 973.918443 -60.573635
44.941706 161.890489 2.987607 968.973491 -56.562823
5.725338 92.462279 10.222289 1024.210880 -58.860729
10.713111 20.589270 14.427174 972.342940 -59.235981
39.972311 9.464461 -3.139494 963.550543 -55.823402
7.065285 59.504779 11.643920 986.409373 -60.272933
36.994941 165.659478 2.464140 998.942486 -56.594888
48.697076 170.564730 27.661956 962.680978 -61.492259
44.225732 151.409496 5.617862 951.960848 -56.265008
36.957274 28.562246 -6.324190 957.581201 -54.514565
48.132938 75.586171 -9.546156 1002.075819 -54.691670
24.341600 44.323725 28.724457 963.075869 -62.841918
44.279551 36.962959 28.648057 970.707474 -61.530516
21.018095 123.268653 32.033992 1004.057500 -62.596247
46.839364 87.500100 -6.735451 1019.708968 -53.884663
11.694995 58.483736 7.764139 1026.213738 -58.322469
47.301306 18.038603 9.268727 980.686624 -56.582375
42.472229 98.057407 28.739770 968.109718 -60.361688
43.072468 62.464528 1.763918 1009.130582 -57.525336
10.576535 70.397245 3.599198 1006.993913 -56.112852
31.841910 55.891574 22.972727 1027.953807 -60.765333
5.737662 69.695137 -1.897638 957.831043 -55.113135
37.453296 100.054725 18.591868 1020.251548 -61.161081
5.348188 2.545885 23.399416 964.052819 -53.518735
8.817002 152.576459 -1.879594 1009.786832 -53.790968
15.147428 165.945575 -0.012485 1029.634024 -57.460328
44.380604 99.095344 21.491416 968.542275 -59.520326
21.360934 48.243801 25.752694 1009.374384 -61.587119
29.298197 178.243020 32.900967 1011.932602 -63.220990
30.564645 68.974925 3.889245 972.476749 -58.167671
15.145851 124.857971 14.688511 1023.698438 -58.564884
30.746605 124.191459 -3.393426 955.573121 -54.858350
34.742831 78.175632 9.660282 968.310397 -59.433619
18.421043 35.848468 1.750431 973.566352 -57.426922
23.838209 173.984288 5.696008 957.204275 -58.031000
25.389002 11.464355 26.151452 969.620175 -62.184675
46.955780 87.326890 26.145338 1012.973071 -61.089355
31.437219 39.731528 21.702756 971.378683 -60.554742
47.671357 52.915344 -4.436231 990.529256 -55.536956
30.021564 149.134918 2.781129 960.828313 -58.583019
27.525264 66.107801 32.268312 997.334968 -63.895330
5.158949 15.002689 10.363677 998.869628 -51.212698
26.640007 35.335621 17.983014 967.460870 -61.255346
46.735475 154.867214 -9.176093 955.972102 -53.376153
13.926456 175.865193 13.310902 1006.142777 -60.916514
7.344101 48.236789 21.011429 1000.674903 -59.610628
23.305050 121.573618 -7.350320 988.580011 -52.095179
21.757842 14.615820 -4.812196 1021.633806 -56.051122
43.571888 130.223807 6.576618 1028.181550 -57.211504
6.197500 74.958590 32.500644 1008.591531 -62.078020
46.406715 165.268785 1.195910 1026.981869 -55.499982
35.640635 56.076511 -9.027880 961.771569 -53.657352
45.690170 169.464060 26.417531 962.763657 -61.462903
32.338808 90.584537 28.216177 1029.925355 -61.734912
41.537899 62.800726 14.151298 980.123067 -58.924100
20.099474 116.463527 30.187125 994.756808 -63.098773
20.730480 44.954317 -1.943467 1025.578577 -55.360875
22.544340 41.357448 2.360088 998.317979 -55.943427
38.965869 35.342360 -9.079762 1019.603331 -52.253268
21.618103 172.781921 16.254453 1006.583713 -59.358033
15.899891 88.724471 29.932494 1018.470152 -63.324641
47.195076 135.290693 17.288057 987.623767 -61.657415
45.860499 85.318539 -6.387138 1025.950418 -53.853390
20.695879 105.757229 21.195059 960.020893 -61.874530
33.558713 105.145017 20.417328 1014.613691 -59.798836
17.322900 176.379535 -2.496511 968.823378 -55.728672
14.275181 120.317962 27.304293 999.505127 -60.778261
20.135279 43.158505 31.057566 1012.100978 -60.225187
19.719495 2.735579 7.626459 1006.080074 -58.069611
44.702425 39.362785 3.894385 985.168447 -57.288917
42.003672 81.993536 15.860319 1024.427856 -58.759233
36.933045 70.815661 33.763274 962.946345 -61.759740
48.170535 146.218723 22.623340 1007.600660 -59.338886
24.014451 141.400216 25.552815 970.254436 -61.380626
16.026487 16.037274 24.586256 1005.037141 -61.938353
10.282930 171.361930 33.064728 965.249711 -62.278856
18.547401 94.942202 26.728649 953.822480 -62.423514
11.536868 107.352713 2.074141 1012.783390 -56.404313
9.148374 72.910219 0.408547 1015.395700 -57.033302
32.131949 116.910172 0.894079 962.994387 -55.532604
21.388435 156.838735 -0.417929 1014.567963 -55.287097
30.405665 121.308474 -0.628147 976.243363 -55.864580
13.610107 174.617738 32.052607 995.691793 -62.364609
35.460764 126.202005 32.824810 998.150561 -62.835232
14.697745 147.909733 -5.956552 1023.090593 -53.008569
17.511062 8.107125 -7.116654 995.618442 -52.842077
38.379219 121.085733 28.566364 1019.516521 -61.839374
30.188205 117.855476 15.368384 983.721623 -60.591727
20.067639 18.314289 -0.479516 1002.253785 -57.155385
29.434495 151.629749 10.781751 965.317287 -58.518278
36.229312 110.551033 -6.681417 1006.977144 -54.837189
46.045945 17.699056 34.199751 1024.220366 -62.314178
31.132095 107.004081 -3.702186 984.174110 -55.512529
15.470887 86.114853 26.294900 1001.783164 -60.883545
38.601393 41.992843 33.118092 993.543838 -62.479119
39.999606 3.556096 21.995500 951.160072 -60.019113
14.018059 65.802111 -6.015206 1022.622637 -56.592717
41.925840 111.573194 16.549324 1014.743227 -60.148358
25.922068 59.270244 -4.185258 983.238781 -52.766916
40.089500 55.305837 29.012751 957.277464 -64.650484
15.686520 135.201824 20.277186 978.127627 -59.788956
19.966112 136.552437 32.392527 992.051345 -62.153706
47.916370 129.377850 -3.435136 969.533869 -53.940117
34.601678 18.212752 10.415796 1016.600407 -58.823930
39.779502 92.909872 14.460341 973.638163 -58.379564
35.976845 100.403759 -5.124789 966.394655 -53.517112
14.193685 134.064815 20.460756 963.829120 -60.471887
26.180994 162.571990 15.489603 1008.101567 -60.878031
41.403374 66.426996 5.661893 993.729815 -56.681120
35.376581 77.159425 8.581282 1005.677952 -59.233368
5.271255 131.898149 25.830301 973.227608 -58.875841
8.933348 119.274555 6.038595 982.000247 -56.568044
20.605762 100.416582 33.768492 1021.648582 -61.642915
47.496449 63.025134 31.318309 976.432197 -62.806490
27.103572 35.163422 -6.486125 1022.235931 -53.603893
17.157932 33.085327 28.358757 1027.302835 -63.444609
21.219067 14.684992 20.320052 951.562726 -61.171503
14.479368 14.616153 -7.510623 989.538434 -52.392257
23.954003 152.243680 32.991476 999.764480 -61.305487
14.811595 69.061095 27.506914 951.000112 -61.244316
43.058863 10.933132 27.470778 978.013140 -62.019587
